[gd_scene load_steps=4 format=3]

[ext_resource type="Script" path="res://Player/Weapons/Cluster/ClusterBulletBig.gd" id="1"]
[ext_resource type="Texture2D" uid="uid://c5rxfbjuj2ibv" path="res://Enemies/Projectiles/BulletRound1/enemBullet1.png" id="2"]

[sub_resource type="SphereShape3D" id="1"]
radius = 4.29208
script = null

[node name="ClusterBulletBig" type="CharacterBody3D"]
script = ExtResource("1")

[node name="Sprite" type="Sprite3D" parent="."]
transform = Transform3D(0.5, 0, 0, 0, 0.5, 0, 0, 0, 0.5, 0, 0, 0)
flip_v = true
modulate = Color(0, 1, 0.0784314, 1)
pixel_size = 0.08
axis = 1
texture = ExtResource("2")

[node name="Spawner" type="Marker3D" parent="."]
visible = false

[node name="Mount1" type="CSGSphere3D" parent="Spawner"]
radius = 0.1

[node name="Direction" type="Marker3D" parent="Spawner/Mount1"]
transform = Transform3D(1, 0, 0, 0, 1, 0, 0, 0, 1, 0, 0, 0.2)

[node name="Mount2" type="CSGSphere3D" parent="Spawner"]
transform = Transform3D(0.809017, 0, 0.587785, 0, 1, 0, -0.587785, 0, 0.809017, 0, 0, 0)
radius = 0.1

[node name="Direction" type="Marker3D" parent="Spawner/Mount2"]
transform = Transform3D(1, 0, 0, 0, 1, 0, 0, 0, 1, 0, 0, 0.2)

[node name="Mount3" type="CSGSphere3D" parent="Spawner"]
transform = Transform3D(0.309017, 0, 0.951057, 0, 1, 0, -0.951057, 0, 0.309017, 0, 0, 0)
radius = 0.1

[node name="Direction" type="Marker3D" parent="Spawner/Mount3"]
transform = Transform3D(1, 0, 0, 0, 1, 0, 0, 0, 1, 0, 0, 0.2)

[node name="Mount4" type="CSGSphere3D" parent="Spawner"]
transform = Transform3D(-0.309017, 0, 0.951056, 0, 1, 0, -0.951056, 0, -0.309017, 0, 0, 0)
radius = 0.1

[node name="Direction" type="Marker3D" parent="Spawner/Mount4"]
transform = Transform3D(1, 0, 0, 0, 1, 0, 0, 0, 1, 0, 0, 0.2)

[node name="Mount5" type="CSGSphere3D" parent="Spawner"]
transform = Transform3D(-0.809017, 0, 0.587785, 0, 1, 0, -0.587785, 0, -0.809017, 0, 0, 0)
radius = 0.1

[node name="Direction" type="Marker3D" parent="Spawner/Mount5"]
transform = Transform3D(1, 0, 0, 0, 1, 0, 0, 0, 1, 0, 0, 0.2)

[node name="Mount6" type="CSGSphere3D" parent="Spawner"]
transform = Transform3D(-1, 0, -8.74228e-08, 0, 1, 0, 8.74228e-08, 0, -1, 0, 0, 0)
radius = 0.1

[node name="Direction" type="Marker3D" parent="Spawner/Mount6"]
transform = Transform3D(1, 0, 0, 0, 1, 0, 0, 0, 1, 0, 0, 0.2)

[node name="Mount7" type="CSGSphere3D" parent="Spawner"]
transform = Transform3D(-0.809017, 0, -0.587785, 0, 1, 0, 0.587785, 0, -0.809017, 0, 0, 0)
radius = 0.1

[node name="Direction" type="Marker3D" parent="Spawner/Mount7"]
transform = Transform3D(1, 0, 0, 0, 1, 0, 0, 0, 1, 0, 0, 0.2)

[node name="Mount8" type="CSGSphere3D" parent="Spawner"]
transform = Transform3D(-0.309017, 0, -0.951056, 0, 1, 0, 0.951056, 0, -0.309017, 0, 0, 0)
radius = 0.1

[node name="Direction" type="Marker3D" parent="Spawner/Mount8"]
transform = Transform3D(1, 0, 0, 0, 1, 0, 0, 0, 1, 0, 0, 0.2)

[node name="Mount9" type="CSGSphere3D" parent="Spawner"]
transform = Transform3D(0.309017, 0, -0.951057, 0, 1, 0, 0.951057, 0, 0.309017, 0, 0, 0)
radius = 0.1

[node name="Direction" type="Marker3D" parent="Spawner/Mount9"]
transform = Transform3D(1, 0, 0, 0, 1, 0, 0, 0, 1, 0, 0, 0.2)

[node name="Mount10" type="CSGSphere3D" parent="Spawner"]
transform = Transform3D(0.809017, 0, -0.587785, 0, 1, 0, 0.587785, 0, 0.809017, 0, 0, 0)
radius = 0.1

[node name="Direction" type="Marker3D" parent="Spawner/Mount10"]
transform = Transform3D(1, 0, 0, 0, 1, 0, 0, 0, 1, 0, 0, 0.2)

[node name="Collision" type="Area3D" parent="."]
collision_layer = 3
collision_mask = 3

[node name="CollisionShape3D" type="CollisionShape3D" parent="Collision"]
transform = Transform3D(1, 0, 0, 0, -4.37114e-08, -1, 0, 1, -4.37114e-08, 0, 0, 0)
shape = SubResource("1")

[connection signal="body_entered" from="Collision" to="." method="_on_collision_body_entered" flags=18]
